  0.0000000000000000e+000  3.5674351884717792e+000
  1.0101010101010101e-001  2.6374459247922060e+000
  2.0202020202020202e-001  4.7313929125354370e+000
  3.0303030303030304e-001  5.1967673294494583e+000
  4.0404040404040403e-001  4.0656498614397485e+000
  5.0505050505050508e-001  6.7060669807945139e+000
  6.0606060606060608e-001  7.0073460198339212e+000
  7.0707070707070707e-001  6.0835788446188035e+000
  8.0808080808080807e-001  6.7515347856510779e+000
  9.0909090909090906e-001  6.9019118700936515e+000
  1.0101010101010102e+000  6.8435944526215913e+000
  1.1111111111111112e+000  8.0591238816266362e+000
  1.2121212121212122e+000  7.0480470933494477e+000
  1.3131313131313131e+000  1.0122579757591041e+001
  1.4141414141414141e+000  8.1060283593376461e+000
  1.5151515151515151e+000  8.6593858589753552e+000
  1.6161616161616161e+000  9.9152530598440372e+000
  1.7171717171717171e+000  9.2107966120387577e+000
  1.8181818181818181e+000  9.3588970490617847e+000
  1.9191919191919191e+000  8.9252262939257356e+000
  2.0202020202020203e+000  1.0355016876998700e+001
  2.1212121212121211e+000  9.0274545056985591e+000
  2.2222222222222223e+000  1.1380991218485621e+001
  2.3232323232323231e+000  1.2593259034143239e+001
  2.4242424242424243e+000  1.0580951571024986e+001
  2.5252525252525251e+000  1.2433754248585837e+001
  2.6262626262626263e+000  1.3132789300390412e+001
  2.7272727272727271e+000  1.0588088605370706e+001
  2.8282828282828283e+000  1.1043884052947465e+001
  2.9292929292929295e+000  1.3359026411536966e+001
  3.0303030303030303e+000  1.2691023513193727e+001
  3.1313131313131315e+000  1.4083936769403740e+001
  3.2323232323232323e+000  1.4512591985845841e+001
  3.3333333333333335e+000  1.4711908323500893e+001
  3.4343434343434343e+000  1.5593280057962779e+001
  3.5353535353535355e+000  1.5274661111742645e+001
  3.6363636363636362e+000  1.6099928983334276e+001
  3.7373737373737375e+000  1.4009664097347269e+001
  3.8383838383838382e+000  1.5495361957382745e+001
  3.9393939393939394e+000  1.5661464519349838e+001
  4.0404040404040407e+000  1.4517126559210963e+001
  4.1414141414141410e+000  1.6681546658919913e+001
  4.2424242424242422e+000  1.5670799799191244e+001
  4.3434343434343434e+000  1.8445444516175371e+001
  4.4444444444444446e+000  1.6528242929136457e+001
  4.5454545454545459e+000  1.8165106647325860e+001
  4.6464646464646462e+000  1.8158714612061559e+001
  4.7474747474747474e+000  1.7320522618068704e+001
  4.8484848484848486e+000  1.6374780051149283e+001
  4.9494949494949498e+000  1.8789297023963659e+001
  5.0505050505050502e+000  1.8140881445040900e+001
  5.1515151515151514e+000  2.0069008503440934e+001
  5.2525252525252526e+000  2.0265316542917745e+001
  5.3535353535353538e+000  2.1753035930796585e+001
  5.4545454545454541e+000  2.0954918950560540e+001
  5.5555555555555554e+000  2.0023071463984138e+001
  5.6565656565656566e+000  2.1350034221410880e+001
  5.7575757575757578e+000  2.0263611748386488e+001
  5.8585858585858590e+000  2.1556246906227290e+001
  5.9595959595959593e+000  2.1830567089642567e+001
  6.0606060606060606e+000  2.2181861373659807e+001
  6.1616161616161618e+000  2.2166989033600796e+001
  6.2626262626262630e+000  2.3882882526666283e+001
  6.3636363636363633e+000  2.1216918833268128e+001
  6.4646464646464645e+000  2.3822122666984558e+001
  6.5656565656565657e+000  2.4592608168181446e+001
  6.6666666666666670e+000  2.4730957338429452e+001
  6.7676767676767673e+000  2.4880887649361100e+001
  6.8686868686868685e+000  2.4646374637679045e+001
  6.9696969696969697e+000  2.5586180096688214e+001
  7.0707070707070709e+000  2.5781021417321934e+001
  7.1717171717171722e+000  2.5259506099519552e+001
  7.2727272727272725e+000  2.5440712862659456e+001
  7.3737373737373737e+000  2.5825325011208562e+001
  7.4747474747474749e+000  2.4949107918387167e+001
  7.5757575757575761e+000  2.6493268679616694e+001
  7.6767676767676765e+000  2.7148747867357152e+001
  7.7777777777777777e+000  2.7648142376728387e+001
  7.8787878787878789e+000  2.9079871880713458e+001
  7.9797979797979801e+000  2.7588419201066198e+001
  8.0808080808080813e+000  2.8865658093562736e+001
  8.1818181818181817e+000  2.9344503163602326e+001
  8.2828282828282820e+000  2.9789374789212623e+001
  8.3838383838383841e+000  2.8159423415971357e+001
  8.4848484848484844e+000  2.9666580606710507e+001
  8.5858585858585865e+000  2.9995457830451336e+001
  8.6868686868686869e+000  2.9052842668927795e+001
  8.7878787878787872e+000  2.9621591611502755e+001
  8.8888888888888893e+000  3.1748961619822001e+001
  8.9898989898989896e+000  3.0838197266751695e+001
  9.0909090909090917e+000  3.1662607762414311e+001
  9.1919191919191920e+000  3.1663744682337370e+001
  9.2929292929292924e+000  3.1243322653308560e+001
  9.3939393939393945e+000  3.1622244879621945e+001
  9.4949494949494948e+000  3.2928501974352152e+001
  9.5959595959595951e+000  3.1837974989331137e+001
  9.6969696969696972e+000  3.3872090708787482e+001
  9.7979797979797976e+000  3.3962900039662664e+001
  9.8989898989898997e+000  3.2875255405273450e+001
  1.0000000000000000e+001  3.3734393148667451e+001